4.0000
3.9667
3.9333
3.9000
3.8667
3.8333
3.8000
3.7667
3.7333
3.7000
3.6667
3.6333
3.6000
3.5667
3.5333
3.5000
3.4667
3.4333
3.4000
3.3667
3.3333
3.3000
3.2667
3.2333
3.2000
3.1667
3.1333
3.1000
3.0667
3.0333
3.0000
2.9667
2.9333
2.9000
2.8667
2.8333
2.8000
2.7667
2.7333
2.7000
2.6667
2.6333
2.6000
2.5667
2.5333
2.5000
2.4667
2.4333
2.4000
2.3667
2.3333
2.3000
2.2667
2.2333
2.2000
2.1667
2.1333
2.1000
2.0667
2.0333
2.0000
1.9667
1.9333
1.9000
1.8667
1.8333
1.8000
1.7667
1.7333
1.7000
1.6667
1.6333
1.6000
1.5667
1.5333
1.5000
1.4667
1.4333
1.4000
1.3667
1.3333
1.3000
1.2667
1.2333
1.2000
1.1667
1.1333
1.1000
1.0667
1.0333
1.0000
0.9667
0.9333
0.9000
0.8667
0.8333
0.8000
0.7667
0.7333
0.7000
0.6667
0.6333
0.6000
0.5667
0.5333
0.5000
0.4667
0.4333
0.4000
0.3667
0.3333
0.3000
0.2667
0.2333
0.2000
0.1667
0.1333
0.1000
0.0667
0.0333
0.0000
-0.0333
-0.0667
-0.1000
-0.1333
-0.1667
-0.2000
-0.2333
-0.2667
-0.3000
-0.3333
-0.3667
-0.4000
-0.4333
-0.4667
-0.5000
-0.5333
-0.5667
-0.6000
-0.6333
-0.6667
-0.7000
-0.7333
-0.7667
-0.8000
-0.8333
-0.8667
-0.9000
-0.9333
-0.9667
-1.0000
-1.0333
-1.0667
-1.1000
-1.1333
-1.1667
-1.2000
-1.2333
-1.2667
-1.3000
-1.3333
-1.3667
-1.4000
-1.4333
-1.4667
-1.5000
-1.5333
-1.5667
-1.6000
-1.6333
-1.6667
-1.7000
-1.7333
-1.7667
-1.8000
-1.8333
-1.8667
-1.9000
-1.9333
-1.9667
-2.0000
-2.0333
-2.0667
-2.1000
-2.1333
-2.1667
-2.2000
-2.2333
-2.2667
-2.3000
-2.3333
-2.3667
-2.4000
-2.4333
-2.4667
-2.5000
-2.5333
-2.5667
-2.6000
-2.6333
-2.6667
-2.7000
-2.7333
-2.7667
-2.8000
-2.8333
-2.8667
-2.9000
-2.9333
-2.9667
-3.0000
-3.0333
-3.0667
-3.1000
-3.1333
-3.1667
-3.2000
-3.2333
-3.2667
-3.3000
-3.3333
-3.3667
-3.4000
-3.4333
-3.4667
-3.5000
-3.5333
-3.5667
-3.6000
-3.6333
-3.6667
-3.7000
-3.7333
-3.7667
-3.8000
-3.8333
-3.8667
-3.9000
-3.9333
-3.9667
-4.0000