    1.0000
    1.0000
    1.8660
    1.0000
    1.0000
    0.1340
    0.2182
    1.0000
    1.6428
    1.0000
    0.4594
    1.8660
    0.5353
    1.4339
    0.1340
    1.0000
    0.1048
    0.6580
    0.2643
    1.0000
    0.3198
    1.2817
    1.1362
    0.1340
    1.0000
    1.2393
    1.2306
    0.0251
    1.1081
    1.8660
    1.9987
    2.0000
    1.9450
    1.5264
    0.5661
    0.0152
    1.1690
    1.9158
    0.2254
    1.0000
    1.6362
    0.0691
    1.9993
    0.0102
    1.9848
    0.0023
    1.9861
    0.1340
    1.5455
    1.0000
    0.3731
    1.9927
    0.2622
    0.8839
    1.9096
    0.2182
    0.7279
    1.9985
    0.6859
    0.1340
    1.6206
    1.7248
    0.2841
    0.2929
    1.6631
    1.8146
    0.5481
    0.0382
    1.0455
    1.9749
    1.5064
    0.3572
    0.0516
    0.9152
    1.8660
    1.8372
    0.9185
    0.0965
    0.1617
    1.0000
    1.8247
    1.9411
    1.2982
    0.4367
    0.0043
    0.2801
    1.0361
    1.7557
    1.9961
    1.6428
    0.9310
    0.2692
    0.0001
    0.2363
    0.8354
    1.5000
    1.9314
    1.9587
    1.5929
    1.0000
    0.4173
    0.0568
    0.0334
    0.3369
    0.8510
    1.4031
    1.8243
    1.9983
    1.8890
    1.5406
    1.0566
    0.5661
    0.1894
    0.0095
    0.0577
    0.3123
    0.7089
    1.1591
    1.5706
    1.8660
    1.9959
    1.9445
    1.7293
    1.3944
    1.0000
    0.6116
    0.2885
    0.0761
    0.0001
    0.0650
    0.2558
    0.5418
    0.8822
    1.2323
    1.5495
    1.7980
    1.9525
    1.9997
    1.9393
    1.7818
    1.5474
    1.2624
    0.9561
    0.6580
    0.3948
    0.1885
    0.0544
    0.0009
    0.0293
    0.1340
    0.3040
    0.5241
    0.7760
    1.0408
    1.2994
    1.5345
    1.7314
    1.8790
    1.9697
    2.0000
    1.9704
    1.8848
    1.7500
    1.5753
    1.3717
    1.1508
    0.9248
    0.7052
    0.5027
    0.3263
    0.1835
    0.0797
    0.0181
    0.0002
    0.0251
    0.0904
    0.1920
    0.3248
    0.4824
    0.6580
    0.8444
    1.0345
    1.2213
    1.3984
    1.5600
    1.7011
    1.8178
    1.9071
    1.9670
    1.9966
    1.9959
    1.9659
    1.9084
    1.8258
    1.7212
    1.5981
    1.4604
    1.3120
    1.1572
    1.0000
    0.8443
    0.6939
    0.5522
    0.4222
    0.3066
    0.2074
    0.1265
    0.0650
    0.0237
    0.0028
    0.0022
    0.0214
    0.0595
    0.1151
    0.1867
    0.2726
    0.3709
    0.4793
    0.5959
    0.7183
    0.8443
    0.9717
    1.0985
    1.2225
    1.3420
    1.4552
    1.5606
    1.6568
    1.7425
    1.8170
    1.8793
    1.9290
    1.9656
    1.9891
    1.9994
    1.9968
    1.9816
    1.9543
    1.9155
    1.8660
    1.8067
    1.7385
    1.6624
    1.5794
    1.4907
    1.3974
    1.3005
    1.2013
    1.1008
    1.0000